DESIGNQA EVALUATION RESULTS:
-*--*--*--*--*--*--*--*--*--*--*--*--*--*--*--*--*--*--*--*-
-*--*--*--*--*--*--*--*--*--*--*--*--*--*--*--*--*--*--*--*-
OVERALL SCORE: 0.5725863416790259
-*--*--*--*--*--*--*--*--*--*--*--*--*--*--*--*--*--*--*--*-
-*--*--*--*--*--*--*--*--*--*--*--*--*--*--*--*--*--*--*--*-
Retrieval Score (Avg F1 BoW): 0.9101721885449598
Compilation Score (Avg F1 Rules): 0.34201976150483077
Definition Score (Avg F1 BoC): 0.4354766376587731
Presence Score (Avg Accuracy): 0.5645161290322581
Dimension Score (Average Accuracy): 0.6833333333333333
Functional Performance Score (Average Accuracy): 0.5
-*--*--*--*--*--*--*--*--*--*--*--*--*--*--*--*--*--*--*--*-



Below scores by subset are provided for diagnostic purposes:
------------------------------------------------------------
RETRIEVAL
------------------------------------------------------------
All F1 BoWs:
[0.975609756097561, 0.14285714285714285, 0.9411764705882353, 1.0, 1.0, 1.0, 1.0, 1.0, 1.0, 1.0, 0.5, 1.0, 0.6470588235294118, 1.0, 1.0, 1.0, 1.0, 1.0, 1.0, 1.0, 1.0, 0.9411764705882353, 1.0, 0.9473684210526316, 1.0, 1.0, 1.0, 1.0, 1.0, 1.0, 0.9166666666666666, 1.0, 1.0, 1.0, 0.4782608695652174, 0.9777777777777777, 1.0, 0.9777777777777777, 0.9545454545454545, 0.9428571428571428, 0.9811320754716981, 0.888888888888889, 0.9523809523809523, 0.0909090909090909, 0.9166666666666666, 0.888888888888889, 0.9696969696969697, 0.888888888888889, 0.9, 0.98, 0.11594202898550723, 0.9722222222222222, 1.0, 1.0, 0.972972972972973, 1.0, 0.7252747252747253, 0.923076923076923, 0.6666666666666666, 1.0, 1.0, 1.0, 1.0, 1.0, 1.0, 0.962962962962963, 0.9655172413793104, 1.0, 0.7058823529411764, 0.9565217391304348, 0.896551724137931, 1.0, 1.0, 1.0, 0.993939393939394, 0.5641025641025641, 0.7142857142857143, 1.0, 1.0, 0.7547169811320755, 1.0, 0.4411764705882353, 0.5589225589225589, 0.7889908256880734, 0.9666666666666667, 0.9897610921501706, 0.9855072463768115, 0.99581589958159, 1.0, 1.0, 1.0, 0.06274509803921569, 1.0, 1.0, 1.0, 1.0, 1.0, 1.0, 0.9787234042553191, 1.0, 0.6470588235294118, 1.0, 0.8607594936708861, 1.0, 1.0, 1.0, 1.0, 0.14035087719298245, 0.021978021978021976, 0.9879518072289156, 0.983957219251337, 1.0, 1.0, 1.0, 0.878048780487805, 1.0, 1.0, 0.9500000000000001, 1.0, 1.0, 0.9696969696969697, 1.0, 1.0, 1.0, 1.0, 1.0, 1.0, 1.0, 1.0, 0.2758620689655173, 0.9090909090909091, 1.0, 1.0, 1.0, 1.0, 0.9292929292929293, 0.967741935483871, 1.0, 1.0, 1.0, 1.0, 1.0, 1.0, 1.0, 0.9777777777777777, 0.9661016949152543, 1.0, 0.9166666666666666, 1.0, 1.0, 0.3488372093023256, 1.0, 1.0, 1.0, 1.0, 1.0, 0.9152542372881356, 1.0, 1.0, 1.0, 1.0, 1.0, 1.0, 1.0, 0.9863013698630138, 0.9019607843137255, 1.0, 1.0, 1.0, 0.5116279069767442, 1.0, 1.0, 1.0, 0.7857142857142858, 1.0, 1.0, 1.0, 1.0, 1.0, 1.0, 1.0, 0.34920634920634924, 1.0, 0.9904761904761905, 1.0, 1.0, 0.967741935483871, 1.0, 1.0, 1.0, 1.0, 1.0, 0.8666666666666666, 0.48076923076923084, 1.0, 1.0, 0.9565217391304348, 1.0, 1.0, 1.0, 1.0, 0.9893617021276596, 1.0, 1.0, 1.0, 1.0, 1.0, 0.5, 1.0, 0.9811320754716981, 1.0, 0.9951690821256038, 1.0, 1.0, 0.8421052631578948, 1.0, 0.9781021897810218, 0.9152542372881356, 1.0, 0.9421487603305785, 0.7951807228915663, 1.0, 1.0, 1.0, 0.972972972972973, 0.9583333333333334, 1.0, 0.878048780487805, 1.0, 1.0, 1.0, 0.8909952606635071, 0.9885057471264368, 0.9836065573770492, 0.8571428571428572, 1.0, 1.0, 1.0, 1.0, 1.0, 1.0, 1.0, 1.0, 1.0, 1.0, 0.9249999999999999, 1.0, 0.2545454545454546, 0.9913043478260869, 1.0, 0.9767441860465117, 1.0, 1.0, 1.0, 1.0, 1.0, 1.0, 1.0, 1.0, 1.0, 1.0, 0.9685534591194969, 0.9743589743589743, 1.0, 1.0, 1.0, 0.46551724137931033, 0.48221343873517786, 1.0, 1.0, 1.0, 0.7326732673267327, 1.0, 0.6832298136645962, 0.6086956521739131, 0.968421052631579, 0.8876404494382023, 0.8666666666666666, 1.0, 0.7272727272727272, 1.0, 0.1791044776119403, 1.0, 1.0, 1.0, 1.0, 1.0, 1.0, 1.0, 1.0, 1.0, 1.0, 1.0, 1.0, 0.9846153846153847, 0.988235294117647, 0.99009900990099, 0.888888888888889, 1.0, 1.0, 0.9936305732484078, 1.0, 1.0, 0.7000000000000001, 1.0, 1.0, 1.0, 1.0, 1.0, 1.0, 0.06185567010309278, 1.0, 1.0, 1.0, 0.945945945945946, 0.14285714285714285, 1.0, 1.0, 1.0, 1.0, 0.9666666666666666, 1.0, 1.0, 1.0, 1.0, 0.9894736842105264, 1.0, 1.0, 1.0, 1.0, 0.9090909090909091, 0.1724137931034483, 1.0, 1.0, 1.0, 1.0, 0.8396946564885496, 1.0, 0.9600000000000001, 1.0, 1.0, 1.0, 1.0, 1.0, 1.0, 1.0, 1.0, 1.0, 0.6075949367088608, 1.0, 0.9879518072289156, 1.0, 0.17142857142857143, 1.0, 1.0, 1.0, 1.0, 1.0, 1.0, 1.0, 1.0, 0.9743589743589743, 0.12195121951219512, 0.9885057471264368, 1.0, 0.8780487804878049, 0.6774193548387097, 0.7428571428571429, 1.0, 1.0, 1.0, 1.0, 1.0, 0.9115646258503401, 1.0, 1.0, 0.864406779661017, 0.4660194174757282, 1.0, 0.994475138121547, 0.8235294117647058, 1.0, 1.0, 1.0, 0.15384615384615383, 1.0, 1.0, 1.0, 1.0, 0.9500000000000001, 0.9777777777777777, 0.2857142857142857, 1.0, 1.0, 1.0, 1.0, 0.9, 1.0, 1.0, 1.0, 0.9702970297029703, 1.0, 1.0, 0.13333333333333333, 1.0, 1.0, 1.0, 0.125, 0.8571428571428571, 0.9655172413793104, 0.9, 0.9032258064516129, 0.9473684210526316, 0.9473684210526316, 0.961038961038961, 0.9545454545454545, 1.0, 0.6031746031746031, 1.0, 1.0, 0.9655172413793104, 1.0, 1.0, 1.0, 1.0, 1.0, 0.9803921568627451, 1.0, 1.0, 0.6486486486486487, 0.9433962264150945, 0.9523809523809523, 0.962962962962963, 0.9855072463768115, 0.9600000000000001, 0.9818181818181818, 1.0, 1.0, 0.935251798561151, 1.0, 0.923076923076923, 1.0, 1.0, 1.0, 1.0, 0.5652173913043478, 1.0, 0.8, 0.8666666666666666, 0.8571428571428571, 0.9032258064516129, 0.9333333333333333, 1.0, 1.0, 1.0, 1.0, 1.0, 1.0, 0.06250000000000001, 0.9818181818181818, 0.9545454545454545, 0.4210526315789474, 1.0, 0.9444444444444444, 1.0, 1.0, 0.9843749999999999, 0.9411764705882353, 0.9714285714285714, 1.0, 1.0, 1.0, 0.9831932773109243, 0.9761904761904763, 0.7894736842105263, 1.0, 1.0, 0.9, 1.0, 1.0, 1.0, 1.0, 1.0, 0.7586206896551725, 0.9333333333333333, 1.0, 1.0, 1.0, 1.0, 0.11214953271028036, 0.48351648351648346, 0.972972972972973, 0.967741935483871, 0.967741935483871, 0.9824561403508771, 0.983050847457627, 0.9761904761904763, 1.0, 1.0, 1.0, 1.0, 0.9879518072289156, 1.0, 1.0, 1.0, 1.0, 1.0, 0.9850746268656716, 1.0, 1.0, 1.0, 1.0, 1.0, 1.0, 0.3278688524590164, 1.0, 0.9268292682926829, 0.43750000000000006, 0.2666666666666666, 1.0, 1.0, 1.0, 0.36453201970443344, 1.0, 0.41558441558441556, 0.7692307692307693, 1.0, 0.9876543209876543, 0.9642857142857143, 1.0, 1.0, 1.0, 1.0, 1.0, 0.6666666666666666, 0.21739130434782608, 1.0, 1.0, 1.0, 0.7499999999999999, 0.9115646258503401, 0.761904761904762, 0.8, 0.5042016806722689, 0.4, 1.0, 0.9767441860465117, 1.0, 1.0, 1.0, 1.0, 1.0, 1.0, 1.0, 1.0, 1.0, 0.3655913978494624, 1.0, 0.23529411764705882, 0.22033898305084745, 1.0, 1.0, 1.0, 1.0, 0.7317073170731707, 1.0, 1.0, 1.0, 0.6216216216216216, 1.0, 1.0, 1.0, 1.0, 1.0, 1.0, 1.0, 1.0, 1.0, 1.0, 1.0, 1.0, 1.0, 1.0, 0.6136363636363636, 1.0, 0.9655172413793104, 0.054474708171206226, 0.8245614035087719, 1.0, 1.0, 0.5471698113207547, 1.0, 1.0, 1.0, 1.0, 0.20512820512820512, 1.0, 1.0, 1.0, 1.0, 1.0, 1.0, 0.9523809523809523, 0.19354838709677416, 0.9565217391304348, 0.9523809523809523, 0.9523809523809523, 0.8474576271186441, 0.9253731343283582, 1.0, 0.9767441860465117, 0.9696969696969697, 0.9777777777777777, 0.8, 0.9870129870129869, 0.6470588235294118, 0.888888888888889, 0.9411764705882353, 1.0, 0.8333333333333333, 0.9696969696969697, 0.6875000000000001, 1.0, 1.0, 0.923076923076923, 1.0, 1.0, 1.0, 0.6666666666666666, 1.0, 1.0, 0.5128205128205129, 1.0, 1.0, 1.0, 1.0, 1.0, 1.0, 0.9142857142857143, 0.9523809523809523, 1.0, 1.0, 1.0, 1.0, 0.9473684210526316, 1.0, 1.0, 1.0, 1.0, 1.0, 1.0, 1.0, 1.0, 1.0, 0.8857142857142858, 0.962962962962963, 0.8, 1.0, 0.8764044943820225, 0.8181818181818181, 1.0, 1.0, 1.0, 0.6363636363636364, 0.9770992366412213, 1.0, 1.0, 0.711864406779661, 0.9696969696969697, 1.0, 1.0, 0.9312977099236641, 0.6944444444444444, 1.0, 1.0, 1.0, 1.0, 1.0, 1.0, 1.0, 0.962962962962963, 1.0, 0.9714285714285714, 0.8648648648648648, 1.0, 1.0, 1.0, 0.9855072463768115, 1.0, 1.0, 1.0, 1.0, 0.5797101449275363, 1.0, 1.0, 1.0, 1.0, 0.6835443037974684, 1.0, 1.0, 1.0, 1.0, 1.0, 1.0, 1.0, 0.9591836734693878, 1.0, 1.0, 1.0, 1.0, 1.0, 1.0, 1.0, 1.0, 1.0, 0.9333333333333333, 1.0, 1.0, 0.9295774647887324, 1.0, 0.9767441860465116, 1.0, 0.9, 1.0, 1.0, 1.0, 1.0, 1.0, 1.0, 1.0, 0.9936305732484078, 1.0, 1.0, 1.0, 1.0, 1.0, 0.878048780487805, 0.8264462809917354, 1.0, 0.9183673469387755, 1.0, 1.0, 1.0, 1.0, 1.0, 0, 0.9885057471264368, 1.0, 1.0, 0.9090909090909091, 1.0, 1.0, 0.972972972972973, 1.0, 1.0, 1.0, 1.0, 0.9811320754716981, 1.0, 1.0, 1.0, 1.0, 1.0, 1.0, 0.9333333333333333, 0.2745098039215686, 1.0, 1.0, 0.7936507936507937, 1.0, 1.0, 1.0, 1.0, 1.0, 0.851063829787234, 1.0, 1.0, 1.0, 1.0, 1.0, 1.0, 1.0, 0.8813559322033898, 0.9924812030075187, 1.0, 1.0, 1.0, 1.0, 0.9696969696969697, 0.06666666666666667, 0.9714285714285714, 0.923076923076923, 1.0, 1.0, 1.0, 1.0, 1.0, 1.0, 0.8421052631578948, 0.9523809523809523, 1.0, 1.0, 1.0, 0.8837209302325582, 0.38095238095238093, 1.0, 1.0, 1.0, 1.0, 1.0, 0.9285714285714286, 1.0, 1.0, 1.0, 1.0, 1.0, 0.9887640449438202, 1.0, 1.0, 1.0, 1.0, 1.0, 1.0, 1.0, 1.0, 1.0, 1.0, 1.0, 1.0, 1.0, 0.9642857142857143, 1.0, 1.0, 0.9444444444444444, 0.9565217391304348, 1.0, 1.0, 1.0, 1.0, 0.975609756097561, 1.0, 1.0, 0.9811320754716981, 1.0, 0.9411764705882353, 0.9705882352941176, 0.03676470588235294, 0.015625, 0.9583333333333334, 1.0, 1.0, 1.0, 1.0, 1.0, 0.07547169811320754, 0.0975609756097561, 0.923076923076923, 0.962962962962963, 1.0, 1.0, 0.2625, 0.9642857142857143, 1.0, 0.9923664122137404, 0.3333333333333333, 0.7586206896551725, 0.20000000000000004, 0.6666666666666666, 1.0, 0.14814814814814817, 0.37837837837837834, 1.0, 1.0, 0.08, 0.9861111111111112, 0.09174311926605505, 1.0, 0.6222222222222222, 1.0, 1.0, 1.0, 1.0, 1.0, 0.8571428571428571, 0.9032258064516129, 0.9600000000000001, 1.0, 1.0, 0.888888888888889, 1.0, 0.9367088607594937, 1.0, 1.0, 1.0, 0.9090909090909091, 0.7924528301886793, 0.6666666666666666, 0.9411764705882353, 1.0, 0.8823529411764706, 1.0, 1.0, 0.9583333333333334, 0.888888888888889, 0.9565217391304348, 0.7368421052631579, 0.9142857142857143, 0.9836065573770492, 0.9454545454545454, 0.8666666666666666, 0.983050847457627, 1.0, 1.0, 1.0, 1.0, 1.0, 1.0, 0.18181818181818185, 1.0, 1.0, 1.0, 1.0, 1.0, 1.0, 1.0, 0.8928571428571428, 1.0, 1.0, 1.0, 1.0, 1.0, 0.9662921348314606, 0, 0.05128205128205129, 0.09523809523809525, 0, 0, 0.06896551724137931, 0.13333333333333333, 0.07692307692307693, 0.06451612903225806, 0, 0.10000000000000002, 0.07692307692307693, 0.10000000000000002, 0.09523809523809523, 0.08333333333333334, 0.17142857142857143, 1.0, 0.9666666666666666, 1.0, 1.0, 1.0, 0.9090909090909091, 1.0, 1.0, 1.0, 0.9702970297029703, 0.9702970297029703, 0.9473684210526316, 0.9600000000000001, 0.9655172413793104, 0.9803921568627451, 0.2666666666666667, 0.8314606741573033, 0.9444444444444444, 1.0, 1.0, 0.9600000000000001, 1.0, 1.0, 1.0, 1.0, 0.9523809523809523, 0.6428571428571429, 1.0, 1.0, 1.0, 1.0, 0.20000000000000004, 1.0, 0.7499999999999999, 1.0, 1.0, 1.0, 0.9947643979057591, 0.9934640522875817, 1.0, 1.0, 1.0, 1.0, 1.0, 1.0, 0.962962962962963, 1.0, 1.0, 1.0, 1.0, 1.0, 1.0, 1.0, 1.0, 0.8571428571428571, 1.0, 1.0, 1.0, 1.0, 1.0, 0.9122807017543859, 1.0, 0.970873786407767, 0.9523809523809523, 1.0, 1.0, 1.0, 0.962962962962963, 1.0, 1.0, 1.0, 1.0, 1.0, 1.0, 0.9795918367346939, 0.9795918367346939, 0.9795918367346939, 1.0, 1.0, 1.0, 1.0, 1.0, 1.0, 0.888888888888889, 0.9814814814814815, 0.9019607843137255, 0.45454545454545453, 1.0, 1.0, 1.0, 1.0, 1.0, 0.9268292682926829, 1.0, 1.0, 1.0, 1.0, 1.0, 1.0, 0.88, 0.9696969696969697, 1.0, 1.0, 0.9523809523809523, 1.0, 1.0, 1.0, 1.0, 1.0, 1.0, 1.0, 1.0, 1.0, 1.0, 1.0, 0.9375, 1.0, 1.0, 1.0, 1.0, 1.0, 1.0, 1.0, 1.0, 1.0, 0.9174311926605504, 0.9382716049382717, 1.0, 0.6829268292682926, 1.0, 1.0, 0.9411764705882353, 0.9811320754716981, 0.9333333333333333, 0.9333333333333333, 0.9615384615384615, 0.09558823529411765, 1.0, 1.0, 1.0, 1.0, 1.0, 1.0, 0.9213483146067416, 1.0, 0.9375, 0.9508196721311475, 1.0, 0.9333333333333333, 0.9176470588235294, 0.9894736842105264, 0.9791666666666666, 1.0, 1.0, 0.96045197740113, 1.0, 0.9375, 0.9777777777777777, 0.9500000000000001, 0.489795918367347, 0.18439716312056736, 0.8901098901098902, 1.0, 1.0, 1.0, 0.9156626506024096, 1.0, 0.9333333333333333, 0.9600000000000001, 0.9375, 0.9538461538461539, 1.0, 0.2692307692307693, 1.0, 1.0, 1.0, 1.0, 0.27272727272727276, 1.0, 0.384, 1.0, 0.41379310344827586, 1.0, 1.0, 0.823529411764706, 0.6301369863013699, 1.0, 1.0, 1.0, 1.0, 1.0, 1.0, 1.0, 1.0, 1.0, 1.0, 1.0, 1.0, 1.0, 1.0, 1.0, 1.0, 1.0, 1.0, 0.4752475247524752, 0.9803921568627451, 1.0, 1.0, 1.0, 0.9387755102040816, 0.6470588235294118, 0.9333333333333333, 0.9600000000000001, 0.9375, 0.8205128205128205, 0.7692307692307693, 0.9722222222222222, 0.9824561403508771, 1.0, 0.761904761904762, 0.4230769230769231, 1.0, 1.0, 1.0, 0.8333333333333333, 1.0, 1.0, 0.993103448275862, 1.0, 0.9565217391304348, 0.9302325581395349, 0.9090909090909091, 1.0, 0.9295774647887324, 0.9090909090909091, 0.9447852760736196, 0.09677419354838708, 1.0, 1.0, 1.0, 1.0, 1.0, 1.0, 1.0]
------------------------------------------------------------
COMPILATION
------------------------------------------------------------
All F1 Rules:
[0.7931034482758621, 0.2105263157894737, 0.2302158273381295, 0.1702127659574468, 0.3225806451612903, 0.024096385542168672, 0.45454545454545453, 0.23076923076923075, 0.20833333333333334, 0.13114754098360656, 0, 0.3211678832116789, 0.1297709923664122, 0, 0.05128205128205127, 0.34980988593155893, 0.5, 0.3783783783783784, 0.7692307692307692, 0.7499999999999999, 0.5555555555555556, 0.4166666666666667, 0.7499999999999999, 0.3636363636363636, 1.0, 0.2608695652173913, 0, 0.208955223880597, 0.4444444444444444, 0.2352941176470588]
------------------------------------------------------------
DEFINITION
------------------------------------------------------------
Avg F1 BoC on definition-components:
0.5123491501863904
Avg F1 BoC on multimention-components:
0.4266094550308368
Avg F1 BoC on no-mention-components:
0.3786983531373775
All F1 BoC:
[0.28571428571428575, 0.5789473684210527, 0.3902439024390244, 0.4285714285714286, 0.5, 0.5263157894736842, 0.5294117647058824, 0.6, 0.65, 0.4615384615384615, 0.0975609756097561, 0.4897959183673469, 0.3404255319148936, 0.3333333333333333, 0.5, 0.46511627906976755, 0.4390243902439025, 0.5652173913043479, 0.6399999999999999, 0.46153846153846156, 0.380952380952381, 0.45161290322580644, 0.3076923076923077, 0.33333333333333326, 0.27272727272727276, 0.22222222222222224, 0.3902439024390244, 0.6153846153846153, 0.6486486486486486, 0.33333333333333337, 0.26086956521739135]
------------------------------------------------------------
PRESENCE
------------------------------------------------------------
Avg accuracy on definition-components:
0.5
Avg accuracy on multimention-components:
0.6
Avg accuracy on no-mention-components:
0.5
All accuracies:
[1.0, 0, 1.0, 0, 1.0, 0, 1.0, 0, 1.0, 0, 0, 1.0, 1.0, 1.0, 1.0, 0, 1.0, 0, 1.0, 1.0, 1.0, 0, 1.0, 1.0, 1.0, 0, 1.0, 0, 0, 1.0, 1.0, 1.0, 1.0, 0, 1.0, 0, 1.0, 0, 1.0, 0, 1.0, 0, 1.0, 0, 1.0, 0, 1.0, 0, 1.0, 0, 1.0, 0, 1.0, 0, 1.0, 0, 1.0, 0, 0, 1.0, 1.0, 0]
------------------------------------------------------------
DIMENSION
------------------------------------------------------------
Avg accuracy directly-dimensioned:
0.525
Avg accuracy scale-bar-dimensioned:
1.0
All accuracies:
[1.0, 0, 1.0, 1.0, 0, 1.0, 1.0, 0, 1.0, 1.0, 0, 1.0, 1.0, 0, 1.0, 1.0, 0, 1.0, 1.0, 0, 1.0, 0, 1.0, 1.0, 1.0, 0, 1.0, 1.0, 0, 1.0, 1.0, 0, 1.0, 0, 1.0, 1.0, 1.0, 1.0, 1.0, 1.0, 0, 1.0, 1.0, 0, 1.0, 1.0, 0, 1.0, 1.0, 0, 1.0, 1.0, 0, 1.0, 1.0, 0, 1.0, 1.0, 0, 1.0]
Avg BLEU score:
0
All BLEU scores:
[0, 0, 0, 0, 0, 0, 0, 0, 0, 0, 0, 0, 0, 0, 0, 0, 0, 0, 0, 0, 0, 0, 0, 0, 0, 0, 0, 0, 0, 0, 0, 0, 0, 0, 0, 0, 0, 0, 0, 0]
Avg ROUGE score:
0
All ROUGE scores:
[0, 0, 0, 0, 0, 0, 0, 0, 0, 0, 0, 0, 0, 0, 0, 0, 0, 0, 0, 0, 0, 0, 0, 0, 0, 0, 0, 0, 0, 0, 0, 0, 0, 0, 0, 0, 0, 0, 0, 0]
------------------------------------------------------------
FUNCTIONAL PERFORMANCE
------------------------------------------------------------
All accuraciess:
[0, 1.0, 1.0, 0, 0, 1.0, 1.0, 0, 1.0, 0, 0, 1.0, 1.0, 0, 1.0, 0]
Avg BLEU score:
0
All BLEU scores:
[0, 0, 0, 0, 0, 0, 0, 0, 0, 0, 0, 0, 0, 0, 0, 0]
Avg ROUGE score:
0
All ROUGE scores:
[0, 0, 0, 0, 0, 0, 0, 0, 0, 0, 0, 0, 0, 0, 0, 0]
